0.00 0.00 0.00 0.00 0.00 0.00 0.83 0.00 0.00 0.00 0.22 0.85 0.00 0.13 0.00 0.79 0.00 0.00 0.00 0.00 0.75 0.00 0.19 0.00 0.00 0.00 0.00 0.00 0.00 0.00 0.00 0.00 0.00 0.30 0.00 0.00 0.25 0.00 0.00 0.22 0.00 0.00 0.52 0.63 0.00 0.00 0.00 0.00 0.00 0.00 0.00 0.00 0.00 0.00 0.00 0.00 0.12 0.00 0.00 0.00 0.00 0.00 0.00 0.00 0.00 0.00 0.36 0.00 0.00 0.00 0.42 0.00 0.00 0.00 0.95 0.00 0.00 0.00 0.00 0.00 0.00 0.00 0.00 0.00 0.00 0.00 0.00 0.00 0.68 0.00 0.00 0.00 0.46 0.00 0.63 0.00 0.55 0.65 0.00 0.10 
0.45 0.00 0.00 0.34 0.00 0.00 0.00 0.00 0.00 0.00 0.00 0.00 0.00 0.75 0.00 0.00 0.00 0.00 0.00 0.00 0.00 0.00 0.00 0.00 0.00 0.00 0.00 0.00 0.00 0.00 0.00 0.00 0.00 0.00 0.00 0.00 0.00 0.44 0.00 0.00 0.00 0.00 0.00 0.00 0.00 0.00 0.00 0.00 0.00 0.00 0.00 0.73 0.00 0.52 0.68 0.00 0.00 0.00 0.68 0.09 0.00 0.00 0.00 0.00 0.00 0.00 0.00 0.00 0.22 0.00 0.00 0.80 0.00 0.00 0.00 0.00 0.00 0.00 0.00 0.97 0.00 0.00 0.00 0.00 0.00 0.00 0.61 0.00 0.45 0.92 0.00 0.00 0.00 0.00 0.00 0.00 0.00 0.00 0.00 0.00 
0.00 0.00 0.14 0.12 0.00 0.06 0.00 0.00 0.00 0.00 0.00 0.00 0.62 0.00 0.00 0.00 0.00 0.00 0.36 0.00 0.00 0.00 0.00 0.00 0.00 0.40 0.00 0.00 0.00 0.00 0.00 0.00 0.00 0.06 0.00 0.00 0.00 0.00 0.00 0.00 0.00 0.00 0.00 0.00 0.00 0.00 0.00 0.00 0.00 0.00 0.00 0.00 0.00 0.00 0.00 0.00 0.00 0.00 0.00 0.00 0.81 0.31 0.00 0.00 0.55 0.00 0.37 0.00 0.00 0.00 0.20 0.17 0.00 0.00 0.00 0.00 0.00 0.00 0.00 0.00 0.47 0.00 0.66 0.00 0.00 0.93 0.00 0.37 0.00 0.00 0.00 0.00 0.00 0.00 0.00 0.00 0.00 0.00 0.00 0.00 
0.00 0.00 0.00 0.00 0.00 0.00 0.00 0.07 0.00 0.00 0.00 0.00 0.00 0.00 0.45 0.00 0.00 0.00 0.00 0.00 0.00 0.00 0.07 0.00 0.44 0.00 0.00 0.15 0.00 0.00 0.00 0.00 0.00 0.00 0.00 0.00 0.00 0.00 0.00 0.00 0.00 0.00 0.23 0.00 0.00 0.00 0.00 0.46 0.00 0.00 0.00 0.00 0.36 0.00 0.00 0.00 0.00 0.00 0.00 0.00 0.00 0.00 0.00 0.27 0.00 0.00 0.00 0.00 0.00 0.00 0.00 0.00 0.00 0.00 0.00 0.00 0.00 0.00 0.00 0.00 0.00 0.00 0.00 0.00 0.00 0.96 0.00 0.00 0.00 0.00 0.00 0.00 0.00 0.00 0.00 0.77 0.00 0.00 0.00 0.04 
0.13 0.00 0.00 0.00 0.51 0.97 0.00 0.00 0.76 0.00 0.00 0.00 0.00 0.15 0.00 0.00 0.76 0.28 0.52 0.00 0.00 0.00 0.95 0.00 0.00 0.93 0.41 0.00 0.00 0.00 0.85 0.15 0.00 0.97 0.00 0.00 0.00 0.00 0.00 0.00 0.00 0.00 0.00 0.00 0.00 0.00 0.00 0.00 0.15 0.54 0.00 0.67 0.00 0.00 0.00 0.00 0.19 0.92 0.00 0.00 0.00 0.00 0.00 0.00 0.00 0.00 0.00 0.39 0.00 0.00 0.79 0.00 0.00 0.00 0.53 0.69 0.00 0.00 0.90 0.63 0.95 0.00 0.00 0.00 0.00 0.00 0.00 0.00 0.00 0.00 0.00 0.00 0.60 0.00 0.00 0.48 0.00 0.00 0.00 0.00 
0.42 0.83 0.00 0.00 0.00 0.00 0.00 0.00 0.00 0.00 0.00 0.00 0.89 0.00 0.00 0.00 1.00 0.00 0.00 0.00 0.00 0.41 0.03 0.00 0.00 0.00 0.00 0.00 0.00 0.00 0.11 0.00 0.00 0.00 0.00 0.00 0.00 0.00 0.00 0.00 0.00 0.00 0.00 0.00 0.00 0.00 0.00 0.00 0.73 0.00 0.29 0.70 0.00 0.99 0.00 0.00 0.00 0.00 0.00 0.00 0.00 0.00 0.00 0.82 0.00 0.00 0.00 0.00 0.00 0.95 0.53 0.00 0.00 0.00 0.00 0.00 0.00 0.58 0.33 0.00 0.00 0.44 0.00 0.00 0.00 0.00 0.00 0.88 0.00 0.01 0.64 0.92 0.00 0.00 0.00 0.00 0.00 0.00 0.56 0.01 
0.00 0.00 0.17 0.75 0.37 0.00 0.30 0.00 0.62 0.00 0.00 0.00 0.00 0.01 0.00 0.00 0.00 0.00 0.00 0.01 0.00 0.27 0.00 0.00 0.00 0.00 0.00 0.00 0.17 0.00 0.00 0.00 0.00 0.00 0.00 0.49 0.00 0.00 0.00 0.00 0.00 0.00 0.68 0.00 0.75 0.00 0.00 0.00 0.08 0.00 0.00 0.00 0.00 0.00 0.00 0.00 0.00 0.00 0.00 0.00 0.00 0.00 0.00 0.00 0.45 0.59 0.00 0.00 0.95 0.00 0.00 0.00 0.31 0.00 0.00 0.00 0.00 0.00 0.74 0.35 0.18 0.00 0.00 0.44 0.00 0.00 0.00 0.00 0.00 0.90 0.00 0.20 0.02 0.00 0.00 0.57 0.00 0.00 0.00 0.00 
0.00 0.00 0.39 0.00 0.00 0.00 0.00 0.25 0.00 0.00 0.79 0.00 0.00 0.00 0.00 0.00 0.51 0.39 0.00 0.00 0.00 0.00 0.00 0.00 0.00 0.00 0.00 0.00 0.00 0.00 0.00 0.00 0.00 0.00 0.00 0.86 0.00 0.00 0.00 0.00 0.00 0.47 0.00 0.00 0.00 0.00 0.00 0.00 0.00 0.00 0.00 0.00 0.73 0.00 0.00 0.00 0.76 0.00 0.00 0.93 0.73 0.00 0.00 0.00 0.00 0.00 0.00 0.00 0.66 0.16 0.00 0.00 0.00 0.00 0.00 0.00 0.00 0.00 0.00 0.00 0.34 0.00 0.00 0.00 0.19 0.00 0.00 0.58 0.00 0.35 0.32 0.00 0.64 0.00 0.00 0.00 0.00 0.00 0.00 0.41 
0.00 0.00 0.00 0.00 0.00 0.00 0.00 0.00 0.00 0.00 0.00 0.00 0.00 0.01 0.00 0.00 0.00 0.00 0.00 0.27 0.00 0.00 0.00 0.00 0.63 0.00 0.00 0.46 0.83 0.00 0.00 0.16 0.00 0.00 0.00 0.00 0.00 0.00 0.00 0.00 0.00 0.00 0.68 0.00 0.00 0.00 0.00 0.00 0.00 0.00 0.00 0.00 0.25 0.00 0.53 0.00 0.00 0.00 0.00 0.00 0.00 0.00 0.00 0.00 0.00 0.00 0.00 0.00 0.00 0.00 0.00 0.00 0.00 0.00 0.20 0.00 0.00 0.00 0.00 0.00 0.00 0.00 0.13 0.28 0.00 0.37 0.00 0.00 0.22 0.00 0.00 0.31 0.75 0.00 0.00 0.38 0.00 0.82 0.00 0.92 
0.71 0.00 0.00 0.00 0.00 0.00 0.00 0.00 0.00 0.00 0.00 0.00 0.00 0.00 0.84 0.00 0.00 0.93 0.00 0.00 0.00 0.00 0.00 0.00 0.00 0.00 0.00 0.00 0.00 0.00 0.58 0.00 0.00 0.00 0.00 0.00 0.00 0.10 0.00 0.00 0.00 0.31 0.00 0.00 0.00 0.00 0.00 0.00 0.44 0.08 0.00 0.18 0.00 0.00 0.00 0.00 0.00 0.00 0.00 0.00 0.00 0.00 0.00 0.00 0.00 0.00 0.88 0.11 0.72 0.00 0.32 0.00 0.00 0.00 0.59 0.13 0.00 0.00 0.00 0.00 0.00 0.00 0.00 0.00 0.00 0.00 0.51 0.00 0.00 0.00 0.00 0.46 0.00 0.00 0.38 0.00 0.00 0.00 0.00 0.00 
0.00 0.00 0.00 0.00 0.00 0.00 0.00 0.00 0.00 0.00 0.00 0.00 0.00 0.00 0.00 0.00 0.00 0.00 0.76 0.00 0.00 0.00 0.00 0.00 0.00 0.00 0.00 0.00 0.00 0.00 0.00 0.00 0.00 0.36 0.00 0.98 0.98 0.00 0.55 0.00 0.00 0.00 0.00 0.00 0.00 0.00 0.00 0.00 0.00 0.15 0.51 0.00 0.00 0.00 0.00 0.22 0.00 0.00 0.00 0.00 0.00 0.00 0.00 0.00 0.00 0.00 0.44 0.00 0.00 0.80 0.17 0.00 0.00 0.00 0.00 0.00 0.00 0.00 0.00 0.00 0.81 0.12 0.00 0.00 0.00 0.00 0.00 0.00 0.00 0.00 0.00 0.55 0.00 0.04 0.00 0.21 0.25 0.69 0.00 0.00 
0.01 0.00 0.00 0.00 0.00 0.00 0.00 0.00 0.00 0.00 0.00 0.00 0.00 0.00 0.00 0.00 0.00 0.00 0.00 0.00 0.00 0.00 0.00 0.00 0.00 0.23 0.00 0.31 0.79 0.14 0.00 0.00 0.00 0.00 0.00 0.45 0.00 0.00 0.00 0.76 0.00 0.00 0.29 0.59 0.00 0.00 0.13 0.00 0.53 0.56 0.00 0.00 0.00 0.67 0.00 0.00 0.00 0.00 0.56 0.00 0.00 0.00 0.00 0.00 0.00 0.14 0.00 0.00 0.00 0.00 0.00 0.00 0.00 0.68 0.00 0.94 0.00 0.00 0.00 0.00 0.00 0.00 0.00 0.07 0.00 0.00 0.00 0.78 0.00 0.00 0.91 0.19 0.00 0.00 0.00 0.00 0.00 0.00 0.00 0.67 
0.00 0.00 0.00 0.00 0.53 0.88 0.00 0.00 0.00 0.00 0.05 0.00 0.00 0.60 0.00 0.00 0.00 0.82 0.00 0.00 0.00 0.00 0.00 0.00 0.00 0.00 0.09 0.58 0.00 0.00 0.00 0.00 0.00 0.00 0.00 0.00 0.00 0.62 0.27 0.00 0.00 0.00 0.84 0.39 0.00 0.00 0.93 0.00 0.00 0.00 0.00 0.00 0.00 0.00 0.00 0.00 0.00 0.00 0.00 0.00 0.99 0.00 0.51 0.00 0.00 0.00 0.05 0.00 0.45 0.00 0.00 0.78 0.00 0.58 0.00 0.00 0.00 0.00 0.00 0.00 0.00 0.00 0.83 0.00 0.00 0.33 0.00 0.29 0.00 0.00 0.00 0.00 0.00 0.78 0.00 0.00 0.00 0.00 0.00 0.00 
0.75 0.00 0.85 0.00 0.00 0.00 0.00 0.00 0.00 0.00 0.00 0.00 0.00 0.00 0.00 0.00 0.00 0.00 0.00 0.91 0.00 0.80 0.00 0.00 0.00 0.00 0.00 0.51 0.00 0.00 0.00 0.00 0.00 0.00 0.00 0.00 0.00 0.52 0.00 0.47 0.00 0.00 0.00 0.00 0.28 0.00 0.00 0.00 0.00 0.00 0.00 0.00 0.00 0.00 0.00 0.00 0.00 0.79 0.00 0.68 0.00 0.00 0.00 0.59 0.64 0.00 0.00 0.00 0.94 0.00 0.00 0.00 0.00 0.00 0.00 0.15 0.00 0.00 0.88 0.00 0.00 0.00 0.46 0.00 0.00 0.00 0.00 0.00 0.00 0.00 0.13 0.00 0.00 0.00 0.00 0.00 0.00 0.00 0.00 0.00 
0.00 0.00 0.00 0.00 0.00 0.77 0.10 0.00 0.48 0.00 0.00 0.00 0.23 0.00 0.00 0.00 0.00 0.00 0.00 0.00 0.00 0.00 0.00 0.00 0.00 0.00 0.00 0.00 0.93 0.83 0.00 0.00 0.00 0.00 0.00 0.00 0.00 0.42 0.83 0.00 0.61 0.88 0.00 0.00 0.00 0.00 0.00 0.00 0.00 0.00 0.00 0.00 0.00 0.00 0.00 0.00 0.00 0.00 0.00 0.00 0.00 0.00 0.00 0.00 0.00 0.31 0.06 0.00 0.00 0.00 0.05 0.97 0.65 0.41 0.00 0.00 0.00 0.30 0.00 0.00 0.00 0.00 0.00 0.00 0.00 0.00 0.00 0.20 0.00 0.84 0.00 0.00 0.00 0.00 0.00 0.00 0.00 0.00 0.00 0.38 
0.00 0.00 0.00 0.00 0.00 0.00 0.00 0.00 0.00 0.00 0.46 0.00 0.00 0.00 0.00 0.00 0.00 0.00 0.00 0.00 0.00 0.00 0.00 0.00 0.00 0.00 0.00 0.00 0.00 0.00 0.00 0.00 0.00 0.00 0.00 0.00 0.00 0.00 0.00 0.00 0.00 0.00 0.00 0.00 0.00 0.00 0.00 0.00 0.47 0.00 0.00 0.04 0.00 0.97 0.37 0.00 0.00 0.00 0.00 0.48 0.36 0.00 0.00 0.00 0.00 0.00 0.00 0.00 0.00 0.00 0.00 0.31 0.70 0.00 0.00 0.00 0.00 0.02 0.00 0.00 0.00 0.00 0.00 0.00 0.75 0.00 0.00 0.00 0.76 0.97 0.00 0.00 0.00 0.00 0.00 0.00 0.00 0.65 0.00 0.00 
0.70 0.51 0.00 0.00 0.00 0.00 0.00 0.46 0.00 0.00 0.75 0.00 0.00 0.69 0.00 0.00 0.00 0.00 0.53 0.00 0.00 0.46 0.00 0.00 0.00 0.00 0.00 0.00 0.00 0.00 0.00 0.00 0.90 0.00 0.00 0.00 0.00 0.86 0.00 0.00 0.00 0.68 0.00 0.00 0.00 0.00 0.94 0.00 0.00 0.00 0.79 0.98 0.00 0.00 0.00 0.00 0.00 0.00 0.00 0.00 0.43 0.94 0.00 0.40 0.00 0.00 0.50 0.00 0.00 0.00 0.00 0.00 0.00 0.00 0.00 0.00 0.00 0.00 0.00 0.47 0.00 0.00 0.00 0.00 0.00 0.00 0.94 0.08 0.00 0.00 0.00 0.00 0.00 0.00 0.00 0.50 0.00 0.00 0.44 0.99 
0.00 0.80 0.00 0.54 0.46 0.00 0.00 0.32 0.00 0.37 0.00 0.00 0.00 0.00 0.00 0.00 0.00 0.00 0.00 0.67 0.00 0.00 0.00 0.00 0.00 0.00 0.00 0.23 0.23 0.00 0.00 0.45 0.00 0.00 0.36 0.87 0.00 0.00 0.00 0.00 0.00 0.00 0.00 0.00 0.00 0.01 0.00 0.00 0.00 0.42 0.00 0.00 0.00 0.00 0.00 0.00 0.00 0.00 0.00 0.87 0.00 0.00 0.00 0.00 0.00 0.00 0.06 0.00 0.00 0.58 0.00 0.47 0.00 0.00 0.00 0.00 0.50 0.00 0.00 0.00 0.53 0.00 0.00 0.00 0.00 0.00 0.00 0.40 0.00 0.00 0.72 0.00 0.00 0.00 0.00 0.00 0.00 0.00 0.28 1.00 
0.00 0.00 0.00 0.00 0.00 0.00 0.00 0.00 0.00 0.78 0.00 0.00 0.90 0.00 0.00 0.00 0.00 0.00 0.00 0.00 0.00 0.00 0.00 0.00 0.00 0.00 0.00 0.00 0.00 0.00 0.00 0.00 0.00 0.00 0.00 0.00 0.00 0.00 0.70 0.00 0.56 0.00 0.73 0.00 0.00 0.00 0.00 0.00 0.00 0.00 0.00 0.00 0.00 0.00 0.00 0.00 0.23 0.00 0.00 0.00 0.00 0.00 0.00 0.00 0.00 0.00 0.00 0.00 0.00 0.00 0.00 0.00 0.46 0.00 0.60 0.00 0.00 0.00 0.00 0.00 0.00 0.00 0.00 0.00 0.00 0.00 0.00 0.00 0.00 0.00 0.78 0.00 0.07 0.00 0.00 0.00 0.00 0.00 0.00 0.00 
0.00 0.00 0.00 0.00 0.81 0.00 0.68 0.00 0.00 0.00 0.00 0.00 0.00 0.00 0.00 0.00 0.74 0.00 0.00 0.00 0.00 0.00 0.71 0.00 0.94 0.00 0.00 0.81 0.00 0.00 0.00 0.00 0.00 0.00 0.48 0.00 0.00 0.83 0.00 0.00 0.00 0.00 0.00 0.00 0.00 0.00 0.00 0.76 0.00 0.00 0.00 0.00 0.00 0.43 0.00 0.00 0.52 0.00 0.00 0.65 0.17 0.00 0.00 0.00 0.00 0.00 0.53 0.00 0.36 0.00 0.00 0.93 0.00 0.00 0.65 0.45 0.00 0.00 0.00 0.00 0.00 0.00 0.93 0.88 0.00 0.03 0.84 0.00 0.00 0.00 0.00 0.00 0.00 0.00 0.00 0.74 0.00 0.61 0.00 0.00 
0.00 0.00 0.00 0.00 0.00 0.00 0.00 0.00 0.00 0.14 0.00 0.34 0.00 0.00 0.00 0.00 0.00 0.00 0.00 0.00 0.00 0.53 0.00 0.00 0.00 0.00 0.00 0.99 0.00 0.43 0.79 0.00 0.00 0.00 0.97 0.00 0.00 0.00 0.00 0.00 0.00 0.00 0.00 0.00 0.00 0.00 0.00 0.00 0.57 0.00 0.00 0.00 0.00 1.00 0.21 0.00 0.00 0.00 0.00 0.00 0.00 0.00 0.00 0.95 0.88 0.00 0.00 0.00 0.00 0.00 0.00 0.00 0.00 0.00 0.00 0.00 0.00 0.00 0.00 0.00 0.00 0.79 0.41 0.69 0.00 0.00 0.00 0.00 0.98 0.04 0.00 0.00 0.00 0.00 0.00 0.00 0.00 0.00 0.00 0.00 
0.26 0.00 0.00 0.00 0.00 0.00 0.00 0.00 0.00 0.00 0.74 0.00 0.00 0.00 0.00 0.12 0.00 0.00 0.00 0.00 0.00 0.00 0.00 0.00 0.41 0.00 0.00 0.00 0.00 0.00 0.00 0.00 0.00 0.00 0.00 0.00 0.00 0.00 0.00 0.00 0.85 0.00 0.00 0.00 0.00 0.00 0.27 0.00 0.00 0.00 0.00 0.00 0.00 0.00 0.00 0.00 0.00 0.00 0.00 0.00 0.00 0.00 0.00 0.00 0.00 0.00 0.00 0.56 0.00 0.00 0.00 0.71 0.64 0.00 0.08 0.00 0.00 0.18 0.00 0.00 0.00 0.00 0.00 0.97 0.00 0.00 0.00 0.00 0.00 0.00 0.00 0.00 0.00 0.00 0.00 0.33 0.00 0.90 0.00 0.00 
0.00 0.00 0.00 0.00 0.00 0.00 0.00 0.00 0.93 0.64 0.00 0.73 0.00 0.00 0.00 0.00 0.13 0.00 0.00 0.00 0.00 0.00 0.00 0.50 0.00 0.00 0.00 0.00 0.00 0.00 0.00 0.00 0.00 0.00 0.00 0.00 0.00 0.00 0.00 0.00 0.00 0.00 0.00 0.00 0.57 0.00 0.00 0.00 0.00 0.00 0.00 0.10 0.71 0.00 0.00 0.00 0.10 0.00 0.00 0.00 0.00 0.84 0.00 0.00 0.00 0.00 0.00 0.88 0.00 0.00 0.99 0.00 0.00 0.00 0.00 0.00 0.74 0.00 0.00 0.00 0.00 0.00 0.00 0.93 0.00 0.00 0.00 0.00 0.00 0.00 0.00 0.00 0.00 0.00 0.00 0.00 0.00 0.00 0.00 0.00 
0.00 0.00 0.00 0.00 0.00 0.76 0.00 0.00 0.14 0.00 0.00 0.00 0.00 0.00 0.00 0.00 0.00 0.00 0.34 0.00 0.00 0.00 0.00 0.00 0.00 0.00 0.00 0.00 0.00 0.34 0.00 0.00 0.19 0.00 0.00 0.00 0.00 0.00 0.00 0.00 0.00 0.00 0.13 0.00 0.00 0.00 0.00 0.00 0.00 0.00 0.00 0.00 0.00 0.00 0.13 0.00 0.00 0.00 0.00 0.00 0.00 0.00 0.00 0.00 0.00 0.00 0.00 0.00 0.00 0.00 0.00 0.79 0.00 0.00 0.00 0.00 0.00 0.47 0.00 0.00 0.00 0.36 0.00 0.00 0.00 0.00 0.05 0.00 0.00 0.00 0.00 0.00 0.79 0.17 0.00 0.00 0.00 0.00 0.79 0.00 
0.00 0.00 0.05 0.00 0.00 0.00 0.00 0.00 0.44 0.78 0.00 0.00 0.00 0.53 0.00 0.71 0.00 0.00 0.00 0.00 0.00 0.00 0.00 0.00 0.00 0.00 0.00 0.00 0.27 0.00 0.00 0.42 0.87 0.33 0.00 0.00 0.00 0.00 0.00 0.00 0.00 0.21 0.00 0.86 0.00 0.96 0.00 0.00 0.00 0.00 0.00 0.35 0.00 0.00 0.00 0.00 0.00 0.85 0.00 0.00 0.92 0.00 0.00 0.00 0.00 0.00 0.00 0.00 0.00 0.71 0.00 0.07 0.00 0.00 0.55 0.00 0.00 0.00 0.00 0.00 0.00 0.00 0.00 0.00 0.00 0.00 0.00 0.00 0.00 0.40 0.00 0.00 0.00 0.00 0.27 0.96 0.00 0.00 0.00 0.00 
0.00 0.91 0.74 0.00 0.00 0.20 0.00 0.00 0.28 0.00 0.00 0.94 0.00 0.00 0.00 0.09 0.80 0.00 0.00 0.10 0.00 0.88 0.00 0.00 0.00 0.00 0.00 0.00 0.00 0.00 0.00 0.00 0.56 0.00 0.00 0.00 0.00 0.67 0.00 0.68 0.00 0.00 0.62 0.00 0.53 0.00 0.00 0.00 0.00 0.00 0.00 0.00 0.00 0.00 0.00 0.00 0.87 0.00 0.00 0.00 0.00 0.00 0.00 0.00 0.00 0.14 0.00 0.00 0.00 0.00 0.00 0.72 0.00 0.00 0.00 0.00 0.00 0.75 0.00 0.00 0.00 0.09 0.00 0.06 0.00 0.00 0.00 0.00 0.00 0.00 0.00 0.00 0.00 0.28 0.00 0.00 0.00 0.00 0.00 0.79 
0.00 0.22 0.00 0.00 0.00 0.47 0.00 0.82 0.00 0.00 0.00 0.00 0.00 0.00 0.00 0.00 0.00 0.00 0.20 0.00 0.54 0.00 0.00 0.00 0.00 0.00 0.00 0.00 0.00 0.00 0.00 0.00 0.00 0.00 0.00 0.00 0.00 0.67 0.00 0.86 0.00 0.00 0.00 0.00 0.16 0.00 0.00 0.00 0.00 0.14 0.00 0.40 0.00 0.00 0.00 0.00 0.33 0.59 0.00 0.00 0.00 0.00 0.00 0.00 0.00 0.00 0.00 0.00 0.00 0.00 0.46 0.74 0.00 0.04 0.38 0.40 0.00 0.00 0.00 0.00 0.00 0.00 0.88 0.00 0.00 0.00 0.00 0.00 0.00 0.00 0.00 0.91 0.00 0.00 0.00 0.00 0.00 0.00 0.00 0.00 
0.00 0.00 0.00 0.00 0.00 0.00 0.00 0.00 0.11 0.00 0.00 0.00 0.00 0.00 0.00 0.00 0.00 0.00 0.16 0.86 0.87 0.00 0.00 0.31 0.41 0.00 0.00 0.00 0.00 0.00 0.00 0.00 0.00 0.25 0.60 0.00 0.71 0.00 0.00 0.00 0.00 0.00 0.55 0.00 0.00 0.00 0.00 0.00 0.00 0.00 0.00 0.00 0.00 0.00 0.00 0.00 0.00 0.00 0.58 0.00 0.00 0.00 0.00 0.70 0.00 0.41 0.00 0.00 0.00 0.00 0.98 0.00 0.12 0.28 0.00 0.00 0.00 0.00 0.89 0.00 0.00 0.00 0.28 0.00 0.26 0.79 0.00 0.00 0.00 0.42 0.00 0.23 0.50 0.00 0.00 0.00 0.00 0.00 0.69 0.00 
0.00 0.00 0.00 0.00 0.00 0.00 0.00 0.03 0.00 0.10 0.24 0.00 0.00 0.00 0.00 0.15 0.00 0.00 0.04 0.00 0.00 0.00 0.00 0.00 0.35 0.00 0.00 0.00 0.00 0.00 0.12 0.00 0.76 0.00 0.00 0.00 0.00 0.00 0.69 0.00 0.00 0.00 0.00 0.00 0.00 0.00 0.00 0.00 0.00 0.00 0.00 0.00 0.00 0.00 0.00 0.00 0.00 0.00 0.00 0.00 0.23 0.00 0.44 0.00 0.00 0.55 0.00 0.00 0.00 0.27 0.00 0.00 0.00 0.00 0.00 0.00 0.00 0.00 0.00 0.00 0.00 0.00 0.86 0.00 0.54 0.00 0.00 0.00 0.00 0.00 0.00 0.00 0.00 0.12 0.00 0.00 0.00 0.00 0.07 0.00 
0.00 0.00 0.00 0.98 0.00 0.89 0.96 0.00 0.00 0.00 0.00 0.00 0.94 0.00 0.00 0.00 0.00 0.00 0.00 0.00 0.00 0.00 0.00 0.00 0.00 0.65 0.00 0.00 0.00 0.00 0.00 0.00 0.00 0.00 0.00 0.00 0.13 0.00 0.00 0.00 0.00 0.00 0.00 0.00 0.00 0.00 0.00 0.69 0.00 0.00 0.21 0.00 0.00 0.00 0.08 0.00 0.00 0.00 0.00 0.00 0.00 0.00 0.87 0.00 0.00 0.00 0.00 0.00 0.00 0.00 0.92 0.00 0.00 0.00 0.00 0.00 0.83 0.00 0.00 0.00 0.00 0.00 0.00 0.00 0.29 0.50 0.00 0.00 0.00 0.00 0.00 0.00 0.00 0.00 0.00 0.00 0.00 0.00 0.80 0.00 
0.00 0.07 0.00 0.00 0.00 0.00 0.87 0.00 0.26 0.00 0.00 0.00 0.00 0.00 0.00 0.00 0.00 0.00 0.00 0.42 0.00 0.00 0.00 0.00 0.66 0.33 0.00 0.00 0.00 0.00 0.95 0.00 0.60 0.61 0.17 0.13 0.00 0.00 0.00 0.79 0.00 0.00 0.00 0.91 0.38 0.64 0.00 0.00 0.00 0.00 0.00 0.00 0.00 0.52 0.00 0.01 0.00 0.00 0.00 0.00 0.00 0.00 0.87 0.00 0.57 0.17 0.00 0.00 0.00 0.00 0.00 0.00 0.00 0.45 0.00 0.00 0.00 0.01 0.68 0.00 0.00 0.57 0.63 0.00 0.00 0.00 0.00 0.00 0.00 0.07 0.00 0.96 0.00 0.00 0.00 0.00 0.00 0.00 0.00 0.00 
0.00 0.00 0.00 0.00 0.00 0.00 0.00 0.00 0.00 0.00 0.00 0.00 0.00 0.99 0.00 0.98 0.00 0.00 0.00 0.73 0.00 0.00 0.00 0.00 0.00 0.00 0.00 0.21 0.00 0.97 0.00 0.00 0.00 0.00 0.00 0.64 0.25 0.00 0.00 0.00 0.00 0.00 0.00 0.00 0.35 0.03 0.00 0.00 0.34 0.49 0.23 0.00 0.00 0.00 0.00 0.00 0.77 0.00 0.00 0.00 0.48 0.00 0.00 0.22 0.00 0.00 0.00 0.82 0.00 0.00 0.00 0.00 0.00 0.00 0.00 0.00 0.00 0.00 0.00 0.00 0.00 0.00 0.00 0.00 0.00 0.00 0.00 0.00 0.00 0.00 0.00 0.43 0.00 0.76 0.00 0.00 0.55 0.00 0.66 0.00 
0.00 0.00 0.56 0.00 0.00 0.00 0.61 0.00 0.30 0.00 0.00 0.00 0.00 0.00 0.00 0.00 0.00 0.00 0.00 0.00 0.70 0.00 0.00 0.00 0.00 0.00 0.39 0.00 0.72 0.00 0.00 0.00 0.00 0.00 0.09 0.00 0.00 0.00 0.00 0.00 0.00 0.00 0.73 0.00 0.30 0.00 0.94 0.26 0.00 0.00 0.00 0.00 0.43 0.00 0.00 0.00 0.00 0.91 0.00 0.00 0.00 0.15 0.00 0.00 0.00 0.00 0.00 0.61 0.00 0.00 0.00 0.00 0.89 0.00 0.00 0.00 0.00 0.00 0.37 0.00 0.04 0.00 0.48 0.00 0.00 0.00 0.41 0.00 0.00 0.57 0.00 0.00 0.00 0.00 0.00 0.00 0.00 0.62 0.16 0.00 
0.00 0.93 0.00 0.00 0.00 0.00 0.00 0.00 0.00 0.58 0.00 0.00 0.00 0.67 0.00 0.00 0.97 0.63 0.00 0.37 0.94 0.00 0.00 0.00 0.99 0.00 0.00 0.91 0.00 0.00 0.00 0.00 0.00 0.00 0.00 0.00 0.67 0.00 0.00 0.00 0.53 0.21 0.00 0.00 0.76 0.00 0.00 0.00 0.00 0.00 0.00 0.00 0.83 0.00 0.00 0.00 0.00 0.00 0.00 0.00 0.00 0.00 0.58 0.00 0.00 0.00 0.00 0.00 0.27 0.00 0.00 0.00 0.00 0.00 0.00 0.00 0.00 0.00 0.71 0.00 0.00 0.23 0.00 0.00 0.11 0.28 0.52 0.00 0.00 0.00 0.00 0.00 0.00 0.74 0.00 0.00 0.75 0.00 0.00 0.00 
0.00 0.00 0.00 0.00 0.00 0.00 0.10 0.00 0.00 0.00 0.00 0.00 0.00 0.00 0.00 0.00 0.00 0.66 0.00 0.00 0.00 0.00 0.00 0.00 0.00 0.00 0.00 0.73 0.00 0.00 0.00 0.00 0.00 0.00 0.00 0.00 0.00 0.00 0.00 0.00 0.00 0.00 0.82 0.00 0.00 0.00 0.00 0.00 0.00 0.00 0.00 0.64 0.00 0.08 0.00 0.34 0.00 0.38 0.00 0.00 0.00 0.00 0.00 0.00 0.00 0.00 0.00 0.00 0.00 0.00 0.00 0.00 0.00 0.00 0.00 0.00 0.00 0.97 0.00 0.00 0.00 0.00 0.63 0.00 0.63 0.00 0.00 0.51 0.00 0.00 0.00 0.00 0.00 0.00 0.00 0.00 0.00 0.00 0.00 0.00 
0.00 0.00 0.45 0.00 0.00 0.00 0.22 0.00 0.00 0.00 0.00 0.00 0.00 0.00 0.23 0.00 0.00 0.60 0.00 0.00 0.00 0.00 0.00 0.00 0.00 0.00 0.58 0.00 0.00 0.00 0.00 0.00 0.00 0.90 0.00 0.00 0.00 0.48 0.00 0.00 0.00 0.00 0.00 0.00 0.12 0.00 0.00 0.51 0.24 0.00 0.00 0.00 0.00 0.00 0.91 0.62 0.00 0.00 0.00 0.00 0.19 0.00 0.43 0.00 0.00 0.00 0.44 0.00 0.00 0.00 0.69 0.00 0.00 0.00 0.00 0.00 0.00 0.00 0.00 0.00 0.00 0.90 0.00 0.65 0.19 0.00 0.00 0.00 0.00 0.00 0.00 0.22 0.37 0.00 0.09 0.00 0.00 0.00 0.00 0.00 
0.00 0.00 0.59 0.00 0.00 0.55 0.00 0.00 0.00 0.23 0.00 0.83 0.00 0.00 0.00 0.00 0.56 0.00 0.00 0.00 0.00 0.29 0.00 0.54 0.00 0.00 0.00 0.05 0.00 0.00 0.34 0.00 0.00 0.00 0.80 0.00 0.15 0.00 0.00 0.00 0.87 0.00 0.00 0.00 0.00 0.00 0.06 0.11 0.00 0.00 0.00 0.43 0.00 0.00 0.00 0.45 0.00 0.00 0.00 0.00 0.95 0.16 0.53 0.00 0.00 0.00 0.00 0.70 0.00 0.17 0.00 0.00 0.00 0.00 0.00 0.00 0.00 0.00 0.00 0.00 0.00 0.00 0.00 0.00 0.37 0.00 0.98 0.00 0.00 0.00 0.00 0.00 0.00 0.00 0.00 0.00 0.00 0.00 0.00 0.00 
0.00 0.88 0.00 0.00 0.00 0.66 0.00 0.00 0.00 0.00 0.00 0.00 0.00 0.00 0.00 0.00 0.00 0.00 0.00 0.00 0.00 0.78 0.00 0.00 0.00 0.00 0.00 0.00 0.00 0.00 0.00 0.00 0.00 0.00 0.00 0.00 0.00 0.00 0.00 0.00 0.94 0.00 0.00 0.00 0.77 0.00 0.34 0.77 0.76 0.00 0.00 0.00 0.34 0.00 0.00 0.00 0.00 0.00 0.00 0.00 0.00 0.00 0.00 0.00 0.00 0.00 0.00 0.60 0.00 0.82 0.00 0.30 0.00 0.00 0.49 0.00 0.00 0.00 0.00 0.00 0.00 0.00 0.00 0.00 0.00 0.00 0.00 0.39 0.65 0.00 0.00 0.00 0.00 0.84 0.08 0.00 0.45 0.00 0.00 0.00 
0.21 0.00 0.00 0.02 0.00 0.00 0.92 0.00 0.00 0.00 0.00 0.00 0.00 0.00 0.00 0.00 0.24 0.00 0.85 0.00 0.00 0.00 0.00 0.00 0.00 0.35 0.00 0.60 0.07 0.00 0.00 0.57 0.00 0.00 0.00 0.00 0.59 0.52 0.00 0.00 0.00 0.00 0.00 0.00 0.00 0.00 0.00 0.00 0.00 0.00 0.00 0.00 0.64 0.00 0.00 0.00 0.00 0.00 0.00 0.00 0.91 0.00 0.84 0.00 0.00 0.00 0.64 0.18 0.00 0.73 0.00 0.58 0.00 0.00 0.00 0.00 0.11 0.00 0.00 0.00 0.85 0.00 0.36 0.43 0.00 0.00 0.00 0.00 0.76 0.00 0.00 0.84 0.00 0.00 0.00 0.00 0.00 0.13 0.00 0.00 
0.00 0.00 0.00 0.00 0.00 0.51 0.00 0.00 0.00 0.00 0.00 0.00 0.11 0.00 0.00 0.00 0.71 0.00 0.00 0.58 0.00 0.21 0.00 0.00 0.00 0.85 0.00 0.13 0.23 0.00 0.00 0.00 0.03 0.00 0.00 0.00 0.00 0.00 0.75 0.00 0.00 0.00 0.00 0.00 0.00 0.00 0.00 0.00 0.05 0.00 0.00 0.00 0.00 0.00 0.57 0.37 0.00 0.00 0.00 0.00 0.00 0.00 0.00 0.00 0.68 0.00 0.00 0.00 0.00 0.00 0.00 0.00 1.00 0.69 0.00 0.00 0.00 0.00 0.00 0.44 0.00 0.00 0.00 0.00 0.00 0.00 0.00 0.00 0.00 0.00 0.00 0.00 0.00 0.55 0.27 0.98 0.00 0.25 0.00 0.00 
0.00 0.78 0.00 0.28 0.00 0.00 0.00 0.00 0.00 0.00 0.34 0.00 0.48 0.00 0.79 0.45 0.38 0.00 0.00 0.00 0.00 0.00 0.00 0.00 0.00 0.00 0.00 0.36 0.00 0.00 0.90 0.00 0.00 0.00 0.86 0.00 0.63 0.00 0.74 0.00 0.00 0.00 0.00 0.00 0.64 0.00 0.00 0.00 0.00 0.75 0.00 0.00 0.55 0.00 0.00 0.00 0.00 0.00 0.00 0.00 0.00 0.46 0.00 0.00 0.00 0.12 0.69 0.00 0.00 0.00 0.00 0.56 0.45 0.62 0.00 0.00 0.00 0.00 0.00 0.00 0.00 0.00 0.00 0.67 0.00 0.00 0.00 0.00 0.00 0.00 0.00 0.00 0.00 0.00 0.00 0.68 0.00 0.00 0.00 0.00 
0.00 0.00 0.00 0.78 0.00 0.00 0.00 0.00 0.00 0.00 0.00 0.00 0.25 0.16 0.00 0.00 0.00 0.00 0.07 0.00 0.00 0.87 0.00 0.00 0.00 0.02 0.00 0.00 0.00 0.00 0.38 0.17 0.43 0.00 0.00 0.00 0.00 0.01 0.00 0.00 0.00 0.00 0.00 0.00 0.00 0.00 0.00 0.00 0.73 0.00 0.00 0.00 0.00 0.00 0.00 0.76 0.00 0.00 0.00 0.34 0.00 0.00 0.73 0.00 0.40 0.82 0.00 0.00 0.00 0.79 0.58 0.63 0.07 0.00 0.00 0.00 0.57 0.00 0.00 0.31 0.56 0.00 0.00 0.00 0.00 0.00 0.00 0.00 0.85 0.19 0.08 0.00 0.00 0.00 0.00 0.00 0.00 0.00 0.00 0.00 
0.00 0.00 0.00 0.00 0.00 0.00 0.00 0.00 0.00 0.00 0.00 0.00 0.00 0.91 0.34 0.08 0.00 0.73 0.00 0.00 0.00 0.00 0.00 0.00 0.00 0.00 0.00 0.00 0.00 0.00 0.01 0.00 0.78 0.31 0.00 0.00 0.00 0.00 0.00 0.00 0.00 0.62 0.36 0.00 0.00 0.00 0.98 0.00 0.00 0.00 0.00 0.60 0.00 0.55 0.72 0.94 0.00 0.28 0.00 0.00 0.54 0.00 0.00 0.41 0.00 0.98 0.00 0.00 0.00 0.00 0.00 0.00 0.00 0.00 0.00 0.00 0.00 0.00 0.21 0.00 0.00 0.00 0.00 0.00 0.39 0.00 0.00 0.00 0.00 0.78 0.69 0.00 0.00 0.00 0.84 0.00 0.00 0.00 0.00 0.00 
0.00 0.00 0.00 0.00 0.00 0.00 0.00 0.00 0.00 0.39 0.00 0.00 0.00 0.90 0.00 0.00 0.00 0.00 0.22 0.00 0.48 0.30 0.69 0.54 0.14 0.00 0.00 0.00 0.00 0.00 0.00 0.00 0.00 0.84 0.00 0.00 0.00 0.00 0.82 0.88 0.00 0.46 0.06 0.00 0.77 0.81 0.00 0.00 0.00 0.00 0.54 0.00 0.30 0.08 0.00 0.01 0.00 0.00 0.00 0.00 0.00 0.00 0.00 0.00 0.00 0.00 0.00 0.00 0.00 0.15 0.81 0.00 0.00 0.11 0.00 0.88 0.20 0.00 0.57 0.25 0.00 0.00 0.00 0.00 0.00 0.00 0.00 0.00 0.14 0.00 0.00 0.00 0.00 0.00 0.00 0.00 0.00 0.00 0.00 0.00 
0.00 0.00 0.00 0.00 0.00 0.00 0.00 0.00 0.00 0.00 0.00 0.00 0.00 0.00 0.00 0.00 0.00 0.00 0.00 0.00 0.11 0.00 0.00 0.00 0.00 0.00 0.00 0.53 0.24 0.00 0.00 0.43 0.00 0.00 0.21 0.00 0.23 0.10 0.00 0.00 0.00 0.00 0.00 0.00 0.00 0.59 0.45 0.00 0.00 0.64 0.00 0.00 0.00 0.00 0.00 0.00 0.72 0.00 0.00 0.00 0.00 0.00 0.00 0.00 0.00 0.73 0.53 0.00 0.00 0.90 0.00 0.00 0.00 0.00 0.00 0.00 0.00 0.00 0.00 0.00 0.25 0.00 0.00 0.00 0.00 0.00 0.00 0.00 0.00 0.00 0.00 0.00 0.00 0.00 0.22 0.00 0.00 0.00 0.00 0.00 
0.00 0.77 0.00 0.90 0.00 0.70 0.17 0.00 0.35 0.00 0.73 0.00 0.00 0.00 0.00 0.00 0.70 0.00 0.00 0.00 0.00 0.00 0.00 0.00 0.00 0.00 0.69 0.71 0.00 0.00 0.00 0.00 0.00 0.47 0.00 0.00 0.00 0.00 0.67 0.00 0.00 0.00 0.00 0.00 0.30 0.00 0.00 0.00 0.00 0.00 0.00 0.00 0.00 0.00 0.63 0.00 0.44 0.28 0.00 0.00 0.00 0.00 0.00 0.00 0.00 0.00 0.56 0.00 0.00 0.00 0.04 0.00 0.92 0.00 0.00 0.00 0.00 0.00 0.00 0.00 0.00 0.00 0.20 0.00 0.09 0.00 0.00 0.00 0.00 0.85 0.00 0.00 0.00 0.00 0.00 0.00 0.12 0.00 0.00 0.87 
0.00 0.00 0.00 0.00 0.00 0.00 0.00 0.00 0.93 0.00 0.00 0.00 0.90 0.00 0.00 0.00 0.19 0.00 0.00 0.00 0.00 0.00 0.00 0.00 0.00 0.00 0.00 0.00 0.00 0.70 0.00 0.00 0.00 0.00 0.36 0.00 0.00 0.00 0.00 0.00 0.00 0.00 0.00 0.46 0.00 0.00 0.00 0.00 0.47 0.41 0.00 0.00 0.00 0.30 0.00 0.00 0.00 0.00 0.00 0.00 0.00 0.00 0.00 0.00 0.41 0.61 0.00 0.00 0.00 0.00 0.00 0.00 0.00 0.00 0.01 0.55 0.00 0.00 0.00 0.00 0.00 0.00 0.00 0.00 0.00 0.00 0.18 0.00 0.00 0.55 0.00 0.60 0.00 0.00 0.16 0.00 0.00 0.00 0.00 0.00 
0.00 0.24 0.00 0.00 0.00 0.00 0.00 0.00 0.00 0.00 0.00 0.00 0.00 0.00 0.00 0.00 0.00 0.00 0.00 0.00 0.05 0.00 0.90 0.00 0.00 0.00 0.00 0.32 0.00 0.00 0.00 0.66 0.00 0.00 0.00 0.00 0.00 0.18 0.00 0.00 0.00 0.00 0.00 0.00 0.00 0.82 0.00 0.00 0.00 0.00 0.72 0.00 0.00 0.00 0.00 0.00 0.00 0.00 0.00 0.46 0.94 0.00 0.00 0.00 0.00 0.00 0.00 0.00 0.00 0.00 0.00 0.50 0.00 0.00 0.00 0.00 0.00 0.00 0.00 0.00 0.00 0.00 0.00 0.00 0.00 0.00 0.84 0.00 0.00 0.00 0.22 0.00 0.00 0.51 0.00 0.40 0.00 0.00 0.40 0.00 
0.00 0.70 0.00 0.00 0.00 0.00 0.00 0.00 0.00 0.00 0.64 0.38 0.24 0.00 0.00 0.00 0.80 0.00 0.00 0.00 0.89 0.00 0.00 0.00 0.00 0.00 0.00 0.00 0.00 0.00 0.00 0.00 0.00 0.00 0.00 0.00 0.00 0.04 0.00 0.00 0.00 0.00 0.00 0.00 0.00 0.66 0.44 0.79 0.00 0.00 0.00 0.00 0.00 0.13 0.54 0.61 0.00 0.00 0.00 0.00 0.00 0.00 0.00 0.00 0.00 0.86 0.00 0.84 0.00 0.00 0.00 0.00 0.00 0.00 0.00 0.00 0.00 0.00 0.62 0.00 0.00 0.00 0.00 0.00 0.00 0.00 0.09 0.00 0.00 0.00 0.00 0.00 0.00 0.53 0.00 0.00 0.00 0.00 0.00 0.00 
0.00 0.00 0.00 0.00 0.00 0.00 0.00 0.00 0.00 0.00 0.00 0.00 0.51 0.00 0.00 0.94 0.00 0.00 0.00 0.73 0.02 0.00 0.00 0.79 0.00 0.00 0.00 0.00 0.16 0.00 0.00 0.00 0.07 0.00 0.00 0.68 0.00 0.00 0.00 0.00 0.00 0.00 0.25 0.35 0.00 0.00 0.00 0.00 0.60 0.00 0.00 0.00 0.13 0.00 0.40 0.00 0.00 0.00 0.00 0.82 0.00 0.00 0.00 0.00 0.00 0.38 0.00 0.00 0.00 0.01 0.00 0.00 0.00 0.00 0.55 0.00 0.00 0.00 0.18 0.00 0.00 0.00 0.00 0.00 0.00 0.48 0.00 0.00 0.00 0.00 0.00 0.00 0.00 0.00 0.00 0.00 0.00 0.00 0.00 0.91 
0.00 0.00 0.00 0.00 0.00 0.00 0.00 0.00 0.00 0.72 0.86 0.23 0.00 0.00 0.00 0.00 0.00 0.39 0.00 0.00 0.61 0.00 0.00 0.00 0.00 0.00 0.00 0.00 0.00 0.22 0.00 0.00 0.00 0.00 0.00 0.00 0.00 0.00 0.16 0.00 0.00 0.44 0.00 0.00 0.00 0.00 0.00 0.00 0.00 0.00 0.00 0.45 0.00 0.00 0.63 0.00 0.00 0.83 0.00 0.00 0.00 0.55 0.00 0.00 0.00 0.00 0.00 0.00 0.00 0.00 0.00 0.00 0.00 0.11 0.00 0.00 0.03 0.00 0.00 0.00 0.03 0.16 0.00 0.00 0.00 0.00 0.00 0.00 0.00 0.00 0.00 0.00 0.00 0.00 0.00 0.99 0.81 0.00 0.00 0.00 
0.00 0.00 0.00 0.00 0.00 0.00 0.00 0.00 0.47 0.03 0.00 0.00 0.00 0.00 0.00 0.00 0.00 0.00 0.00 0.00 0.27 0.00 0.00 0.00 0.00 0.75 0.00 0.00 0.00 0.00 0.97 0.00 0.00 0.00 0.89 0.00 0.00 0.00 0.00 0.00 0.00 0.00 0.00 0.00 0.41 0.00 0.00 0.00 0.00 0.00 0.32 0.00 0.00 0.00 0.00 0.00 0.00 0.00 0.00 0.44 0.00 0.00 0.00 0.00 0.00 0.00 0.00 0.00 0.00 0.00 0.00 0.10 0.00 0.05 0.23 0.00 0.12 0.00 0.00 0.00 0.00 0.00 0.00 0.00 0.00 0.08 0.00 0.00 0.00 0.00 0.00 0.49 0.00 0.00 0.00 0.00 0.02 0.00 0.00 0.00 
0.00 0.00 0.00 0.75 0.00 0.52 0.00 0.00 0.00 0.00 0.00 0.00 0.87 0.00 0.00 0.00 0.00 0.00 0.31 0.00 0.00 0.00 0.00 0.00 0.00 0.00 0.00 0.30 0.97 0.00 0.00 0.28 0.00 0.00 0.20 0.00 0.00 0.00 0.00 0.00 0.00 0.00 0.00 0.00 0.46 0.00 0.00 0.12 0.00 0.00 0.04 0.00 0.16 0.37 0.00 0.00 0.00 0.02 0.00 0.00 0.01 0.00 0.00 0.00 0.00 0.00 0.49 0.00 0.05 0.00 0.00 0.00 0.00 0.00 0.00 0.00 0.00 0.00 0.00 0.00 0.00 0.93 0.00 0.64 0.00 0.00 0.00 0.00 0.00 0.00 0.00 0.00 0.00 0.11 0.00 0.00 0.00 0.51 0.52 0.00 
0.00 0.56 0.00 0.00 0.00 0.00 0.00 0.00 0.87 0.39 0.00 0.00 0.00 0.77 0.00 0.00 0.00 0.00 0.84 0.00 0.00 0.00 0.00 0.38 0.00 0.00 0.00 0.00 0.00 0.00 0.00 0.00 0.00 0.00 0.82 0.13 0.00 0.00 0.00 0.57 0.00 0.00 0.00 0.00 0.00 0.00 0.00 0.00 0.48 0.00 0.00 0.00 0.00 0.00 0.00 0.00 0.00 0.00 0.00 0.00 0.00 0.00 0.00 0.72 0.00 0.00 0.00 0.00 0.00 0.00 0.00 0.00 0.74 0.00 0.00 0.00 0.00 0.00 0.00 0.00 0.09 0.00 0.00 0.00 0.22 0.00 0.00 0.00 0.40 0.00 0.00 0.06 0.00 0.00 0.00 0.00 0.00 0.00 0.00 0.00 
0.54 0.81 0.00 0.00 0.35 0.00 0.00 0.00 0.09 0.99 0.00 0.55 0.00 0.00 0.00 0.00 0.00 0.00 0.39 0.00 0.00 0.00 0.00 0.00 0.75 0.00 0.00 0.00 0.00 0.00 0.05 0.00 0.00 0.12 0.00 0.00 0.17 0.00 0.48 0.00 0.00 0.00 0.00 0.00 0.00 0.00 0.00 0.00 0.63 0.00 0.00 0.00 0.00 0.00 0.00 0.00 0.00 0.00 0.24 0.59 0.00 0.28 0.10 0.00 0.00 0.00 0.00 0.00 0.00 0.00 0.00 0.79 0.00 0.00 0.00 0.05 0.00 0.00 0.00 0.00 0.00 0.83 0.00 0.00 0.00 0.67 0.00 0.97 0.00 0.79 0.00 0.79 0.00 0.00 0.58 0.00 0.89 0.00 0.00 0.00 
0.72 0.00 0.73 0.00 0.00 0.00 0.00 0.00 0.00 0.78 0.00 0.00 0.00 0.00 0.00 0.42 0.00 0.00 0.00 0.00 0.00 0.00 0.56 0.14 0.00 0.00 0.00 0.00 0.00 0.00 0.00 0.75 0.00 0.00 0.00 0.00 0.00 0.00 0.00 0.00 0.00 0.00 0.75 0.00 0.00 0.54 0.00 0.00 0.00 0.00 0.00 0.00 0.00 0.00 0.00 0.00 0.88 0.00 0.73 0.00 0.00 0.00 0.00 0.00 0.00 0.00 0.41 0.00 0.00 0.00 0.00 0.00 0.00 0.00 0.19 0.66 0.00 0.00 0.00 0.00 0.00 0.98 0.00 0.00 0.00 0.76 0.00 0.57 0.00 0.00 0.00 0.22 0.00 0.00 0.00 0.88 0.74 0.00 0.00 0.00 
0.00 0.00 0.00 0.00 0.00 0.75 0.00 0.00 0.00 0.31 0.00 0.00 0.37 0.00 0.00 0.00 0.00 0.00 0.00 0.00 0.05 0.74 0.00 0.87 0.00 0.00 0.00 0.00 0.00 0.00 0.70 0.00 0.00 0.63 0.25 0.34 0.00 0.96 0.00 0.00 0.00 0.00 0.00 0.67 0.00 0.00 0.00 0.00 0.00 0.00 0.37 0.00 0.86 0.00 0.00 0.00 0.32 0.00 0.00 0.00 0.00 0.00 0.00 0.86 0.60 0.00 0.02 0.00 0.00 0.00 0.40 0.00 0.00 0.00 0.00 0.00 0.00 0.00 0.00 0.84 0.54 0.00 0.00 0.46 0.00 0.00 0.49 0.00 0.00 0.00 0.00 0.00 0.00 0.00 0.00 0.06 0.00 0.00 0.00 0.78 
0.00 0.00 0.00 0.00 0.00 0.00 0.00 0.00 0.00 0.00 0.00 0.00 0.00 0.00 0.00 0.00 0.00 0.70 0.00 0.00 0.00 0.00 0.00 0.00 0.00 0.44 0.00 0.00 0.00 0.00 0.00 0.46 0.00 0.00 0.00 0.00 0.00 0.00 0.00 0.00 0.00 0.00 0.00 0.00 0.00 0.00 0.00 0.49 0.00 0.00 0.00 0.00 0.00 0.00 0.00 0.00 0.00 0.20 0.00 0.00 0.00 0.00 0.88 0.00 0.38 0.00 0.00 0.00 0.00 0.00 0.13 0.00 0.00 0.72 0.00 0.00 0.36 0.00 0.90 0.00 0.00 0.00 0.00 0.65 0.00 0.00 0.00 0.00 0.00 0.00 0.00 0.00 0.00 0.00 0.00 0.00 0.00 0.00 0.00 0.00 
0.00 0.83 0.00 0.00 0.35 0.00 0.00 0.00 0.00 0.00 0.47 0.00 0.00 0.00 0.00 0.00 0.00 0.00 0.00 0.00 0.00 0.00 0.00 0.00 0.00 0.56 0.00 0.00 0.00 0.82 0.00 0.00 0.00 0.00 0.00 0.00 0.00 0.00 0.00 0.00 0.00 0.06 0.00 0.60 0.00 0.00 0.69 0.00 0.22 0.00 0.00 0.00 0.10 0.00 0.00 0.00 0.99 0.00 0.00 0.00 0.00 0.00 0.00 0.00 0.00 0.00 0.00 0.00 0.00 0.00 0.00 0.26 0.00 0.00 0.00 0.00 0.00 0.30 0.75 0.00 0.97 0.00 0.04 0.00 0.00 0.00 0.00 0.00 0.00 0.19 0.00 0.00 0.00 0.90 0.00 0.00 0.00 0.00 0.00 0.48 
0.00 0.00 0.00 0.00 0.00 0.99 0.54 0.00 0.00 0.89 0.85 0.00 0.00 0.00 0.00 0.00 0.00 0.85 0.00 0.46 0.00 0.00 0.00 0.88 0.00 0.00 0.00 0.00 0.00 0.00 0.00 0.00 0.00 0.00 0.00 0.00 0.00 0.00 0.00 0.00 0.00 0.00 0.75 0.00 0.00 0.00 0.00 0.00 0.78 0.00 0.00 0.00 0.00 0.00 0.00 0.00 0.00 0.75 0.00 0.52 0.22 0.00 0.00 0.42 0.00 0.00 0.00 0.00 0.00 0.00 0.52 0.00 0.00 0.00 0.00 0.00 0.00 0.00 0.00 0.00 0.00 0.00 0.00 0.00 0.00 0.00 0.37 0.00 0.00 0.00 0.00 0.00 0.00 0.00 0.00 0.00 0.00 0.02 0.00 0.00 
0.12 0.00 0.24 0.00 0.00 0.92 0.00 0.87 0.11 0.00 0.38 0.00 0.00 0.00 0.49 0.71 0.00 0.00 0.00 0.29 0.95 0.00 0.00 0.00 0.00 0.38 0.00 0.00 0.00 0.00 0.00 0.00 0.00 0.00 0.00 0.00 0.00 0.45 0.00 0.00 0.00 0.00 0.00 0.90 0.00 0.00 0.00 0.11 0.00 0.00 0.00 0.00 0.00 0.00 0.00 0.04 0.00 0.31 0.00 0.00 0.00 0.00 0.00 0.00 0.00 0.00 0.00 0.00 0.00 0.94 0.00 0.00 0.00 0.00 0.00 0.74 0.00 0.00 0.53 0.00 0.00 0.00 0.00 0.00 0.00 0.00 0.00 0.00 0.00 0.00 0.00 0.17 0.00 0.00 0.00 0.00 0.00 0.89 0.49 0.00 
0.00 0.52 0.00 0.00 0.00 0.00 0.44 0.00 0.00 0.00 0.00 0.00 0.00 0.00 0.00 0.00 0.00 0.94 0.00 0.00 0.00 0.00 0.00 0.00 0.00 0.00 0.00 0.00 0.00 0.09 0.00 0.00 0.00 0.00 0.00 0.60 0.00 0.00 0.00 0.00 0.87 0.00 0.09 0.53 0.00 0.00 0.00 0.00 0.00 0.00 0.00 0.83 0.00 0.00 0.00 0.00 0.00 0.00 0.00 0.00 0.00 0.00 0.00 0.00 0.00 0.00 0.00 0.00 0.00 0.00 0.00 0.00 0.00 0.00 0.00 0.12 0.00 0.20 0.00 0.63 0.00 0.00 0.00 0.00 0.00 0.91 0.00 0.00 0.00 0.00 0.00 0.00 0.00 0.93 0.46 0.23 0.00 0.00 0.00 0.00 
0.00 0.00 0.54 0.01 0.00 0.00 0.00 0.00 0.00 0.00 0.64 0.00 0.00 0.00 0.00 0.00 0.00 0.12 0.00 0.00 0.03 0.78 0.00 0.00 0.00 0.00 0.00 0.00 0.00 0.00 0.00 0.00 0.00 0.00 0.26 0.00 0.00 0.55 0.00 0.00 0.00 0.00 0.00 0.00 0.00 0.00 0.77 0.00 0.00 0.00 0.00 0.00 0.00 0.00 0.00 0.00 0.00 0.00 0.00 0.93 0.00 0.00 0.63 0.00 0.00 0.00 0.00 0.00 0.00 0.00 0.47 0.00 0.00 0.00 0.00 0.00 0.00 0.00 0.00 0.00 0.00 0.08 0.00 0.00 0.00 0.00 0.03 0.00 0.00 0.00 0.77 0.00 0.00 0.00 0.00 0.00 0.43 0.52 0.00 0.00 
0.00 0.17 0.00 0.00 0.00 0.00 0.04 0.00 0.74 0.27 0.00 0.00 0.00 0.00 0.00 0.00 0.05 0.13 0.00 0.00 0.00 0.00 0.00 0.00 0.00 0.00 0.00 0.00 0.99 0.00 0.00 0.00 0.00 0.00 0.00 0.00 0.00 0.37 0.74 0.00 0.00 0.00 0.97 0.24 0.00 0.00 0.00 0.00 0.00 0.00 0.98 0.00 0.00 0.00 0.40 0.00 0.00 0.00 0.00 0.00 0.00 0.00 0.00 0.00 0.00 0.98 0.00 0.00 0.84 0.00 0.00 0.00 0.00 0.00 0.00 0.00 0.00 0.00 0.30 0.00 0.00 0.00 0.00 0.88 0.00 0.00 0.00 0.00 0.00 0.00 0.00 0.23 0.00 0.00 0.00 0.00 0.00 0.00 0.00 0.00 
0.17 0.00 0.00 0.82 0.00 0.00 0.00 0.00 0.00 0.00 0.00 0.00 0.00 0.00 0.00 0.00 0.06 0.00 0.00 0.00 0.22 0.00 0.00 0.00 0.00 0.00 0.00 0.00 0.00 0.19 0.00 0.00 0.00 0.00 0.00 0.86 0.00 0.00 0.00 0.00 0.00 0.02 0.00 0.00 0.00 0.00 0.00 0.00 0.00 0.68 0.00 0.00 0.00 0.00 0.00 0.00 0.00 0.00 0.23 0.00 0.00 0.11 0.00 0.00 0.00 0.00 0.00 0.34 0.00 0.00 0.00 0.68 0.00 0.00 0.00 0.60 0.00 0.00 0.00 0.00 0.00 0.24 0.65 0.00 0.00 0.83 0.00 0.00 0.00 0.99 0.74 0.00 0.00 0.00 0.00 0.00 0.00 0.00 0.00 0.00 
0.00 0.00 0.00 0.14 0.00 0.00 0.00 0.00 0.00 0.00 0.61 0.21 0.79 0.67 0.00 0.00 0.00 0.00 0.50 0.00 0.22 0.00 1.00 0.67 0.00 0.00 0.24 0.00 0.00 0.00 0.00 0.00 0.00 0.00 0.00 0.00 0.58 0.00 0.00 0.00 0.00 0.00 0.00 0.00 0.45 0.00 0.00 0.00 0.00 0.00 0.00 0.00 0.00 0.00 0.00 0.60 0.00 0.73 0.00 0.00 0.00 0.00 0.55 0.00 0.00 0.71 0.34 0.00 0.00 0.00 0.00 0.00 0.00 0.00 0.00 0.00 0.00 0.00 0.00 0.00 0.00 0.00 0.00 0.00 0.41 0.00 0.00 0.00 0.64 0.00 0.00 0.00 0.00 0.00 0.79 0.00 0.00 0.09 0.84 0.00 
0.00 0.00 0.00 0.00 0.39 0.00 0.29 0.00 0.00 0.48 0.62 0.00 0.39 0.00 0.98 0.00 0.00 0.00 0.00 0.00 0.00 0.00 0.00 0.00 0.02 0.00 0.00 0.00 0.05 0.00 0.00 0.00 0.40 0.00 0.30 0.00 0.00 0.00 0.00 0.00 0.00 0.00 0.00 0.00 0.00 0.64 0.00 0.00 0.00 0.00 0.00 0.00 0.00 0.00 0.00 0.00 0.00 0.00 0.00 0.73 0.00 0.86 0.00 0.00 0.00 0.00 0.00 0.55 0.00 0.56 0.00 0.00 0.89 0.00 0.00 0.00 0.00 0.00 0.00 0.00 0.00 0.00 0.00 0.00 0.00 0.00 0.98 0.38 0.00 0.59 0.00 0.00 0.00 0.00 0.00 0.00 0.00 0.06 0.12 0.00 
0.00 0.00 0.00 0.00 0.00 0.00 0.17 0.29 0.00 0.00 0.00 0.17 0.49 0.94 0.00 0.00 0.38 0.00 0.00 0.00 0.00 0.00 0.00 0.00 0.00 0.00 0.20 0.00 0.00 0.17 0.85 0.00 0.04 0.00 0.00 0.00 0.00 0.00 0.00 0.00 0.00 0.01 0.00 0.00 0.00 0.00 0.00 0.00 0.00 0.00 0.00 0.00 0.00 0.00 0.00 0.85 0.00 0.00 0.00 0.00 0.00 0.00 0.00 0.00 0.01 0.00 0.82 0.50 0.00 0.00 0.00 0.00 0.00 0.00 0.00 0.00 0.32 0.00 0.76 0.60 0.00 0.00 0.00 0.00 0.83 0.22 0.00 0.00 0.04 0.83 0.00 0.75 0.00 0.00 0.01 0.00 0.19 0.00 0.00 0.00 
0.00 0.00 0.00 0.00 0.00 0.00 0.00 0.43 0.00 0.87 0.00 0.00 0.00 0.00 0.00 0.00 0.78 0.00 0.50 0.00 0.00 0.00 0.00 0.76 0.00 0.39 0.00 1.00 0.00 0.00 0.00 0.00 0.00 0.01 0.00 0.41 0.00 0.00 0.00 0.00 0.00 0.00 0.39 0.00 0.25 0.00 0.00 0.00 0.00 0.04 0.64 0.00 0.00 0.00 0.33 0.00 0.00 0.00 0.00 0.00 0.00 0.94 0.00 0.07 0.00 0.00 0.23 0.00 0.00 0.00 0.00 0.00 0.00 0.38 0.00 0.00 0.82 0.00 0.00 0.00 0.00 0.00 0.00 0.00 0.00 0.00 0.00 0.00 0.00 0.00 0.00 0.00 0.39 0.00 0.00 0.00 0.00 0.98 0.00 0.00 
0.00 0.00 0.89 0.00 0.00 0.09 0.00 0.50 0.00 0.00 0.82 0.00 0.00 0.00 0.00 0.00 0.00 0.00 0.00 0.04 0.00 0.00 0.00 0.00 0.79 0.00 0.00 0.00 0.28 0.80 0.00 0.00 0.00 0.00 0.00 0.00 0.00 0.17 0.00 0.00 0.00 0.00 0.00 0.00 0.00 0.41 0.00 0.00 0.83 0.00 0.00 0.00 0.00 0.00 0.00 0.55 0.00 0.00 0.00 0.00 0.00 0.00 0.58 0.00 0.13 0.00 0.00 0.00 0.56 0.00 0.25 0.00 0.00 0.00 0.00 0.00 0.00 0.00 0.76 0.00 0.00 0.00 0.00 0.00 0.00 0.83 0.91 0.00 0.00 0.00 0.00 0.00 0.00 0.00 0.00 0.00 0.00 0.58 0.00 0.00 
0.00 0.00 0.00 0.00 0.00 0.00 0.00 0.30 0.00 0.00 0.00 0.00 0.00 0.00 0.00 0.00 0.00 0.00 0.00 0.78 0.00 0.00 0.00 0.00 0.00 0.00 0.00 0.00 0.00 0.00 0.00 0.56 0.00 0.00 0.00 0.00 0.00 0.00 0.00 0.00 0.29 0.00 0.00 0.00 0.45 0.00 0.47 0.00 0.00 0.00 0.00 0.00 0.00 0.80 0.00 0.00 0.00 0.00 0.90 0.00 0.00 0.00 0.00 0.00 0.00 0.97 0.00 0.70 0.00 0.47 0.00 0.00 0.04 0.00 0.00 0.58 0.00 0.00 0.27 0.78 0.18 0.00 0.00 0.00 0.00 0.00 0.00 0.00 0.00 0.00 0.00 0.00 0.00 0.00 0.00 0.00 0.81 0.00 0.00 0.00 
0.00 0.00 0.56 0.00 0.00 0.32 0.27 0.00 0.00 0.00 0.00 0.00 0.00 0.00 0.00 0.67 0.00 0.67 0.00 0.00 0.46 0.00 0.00 0.35 0.00 0.00 0.00 0.00 0.91 0.00 0.00 0.00 0.56 0.00 0.00 0.00 0.00 0.00 0.00 0.00 0.00 0.55 0.00 0.00 0.00 0.00 0.00 0.00 0.00 0.40 0.00 0.00 0.00 0.00 0.00 0.00 0.71 0.00 0.00 0.69 0.00 0.00 0.00 0.84 0.53 0.00 0.00 0.00 0.00 0.34 0.00 0.00 0.00 0.00 0.00 0.00 0.00 0.00 0.00 0.00 0.00 0.00 0.00 0.00 0.00 0.14 0.00 0.00 0.00 0.00 0.00 0.00 0.00 0.00 0.00 0.00 0.00 0.39 0.00 0.00 
0.34 0.00 0.00 0.00 0.00 0.00 0.00 0.00 0.00 0.00 0.66 0.00 0.00 0.00 0.00 0.00 0.00 0.00 0.00 0.00 0.00 0.00 0.00 0.00 0.28 0.00 0.87 0.40 0.97 0.00 0.11 0.00 0.00 0.00 0.10 0.15 0.63 0.00 0.00 0.33 0.00 0.00 0.00 0.00 0.00 0.00 0.00 0.00 0.00 0.00 0.00 0.88 0.00 0.00 0.99 0.00 0.00 0.60 0.00 0.00 0.00 0.58 0.08 0.00 0.00 0.00 0.00 0.00 0.00 0.00 0.00 0.00 0.00 0.00 0.00 0.00 0.00 0.00 0.00 0.00 0.00 0.58 0.00 0.00 0.21 0.00 0.00 0.00 0.00 0.00 0.00 0.00 0.00 0.00 0.01 0.00 0.00 0.00 0.01 0.00 
0.00 0.00 0.00 0.00 0.00 0.00 0.00 0.00 0.00 0.00 0.00 0.00 0.00 0.00 0.00 0.00 0.00 0.00 0.00 0.00 0.00 0.00 0.00 0.00 0.00 0.22 0.00 0.00 0.00 0.00 0.31 0.68 0.70 0.54 0.00 0.00 0.00 0.00 0.00 0.00 0.00 0.00 0.00 0.00 0.73 0.00 0.63 0.00 0.40 0.36 0.26 0.00 0.00 0.06 0.00 0.00 0.00 0.00 0.00 0.00 0.00 0.00 0.00 0.00 0.00 0.76 0.00 0.00 0.38 0.00 0.00 0.00 0.00 0.84 0.93 0.00 0.34 0.00 0.00 0.05 0.41 0.76 0.00 0.00 0.00 0.00 0.00 0.00 0.00 0.00 0.00 0.00 0.85 0.00 0.00 0.00 0.00 0.00 0.16 0.00 
0.27 0.00 0.00 0.74 0.00 0.39 0.00 0.00 0.00 0.43 0.00 0.00 0.14 0.00 0.00 0.00 0.00 0.00 0.00 0.00 0.71 0.00 0.00 0.00 0.00 0.00 0.76 0.00 0.00 0.00 0.00 0.37 0.00 0.03 0.00 0.00 0.00 0.00 0.55 0.40 0.00 0.00 0.00 0.00 0.00 0.00 0.00 0.00 0.00 0.00 0.00 0.00 0.00 0.00 0.00 0.00 0.00 0.00 0.00 0.00 0.00 0.00 0.00 0.59 0.00 0.00 0.12 0.00 0.00 0.00 0.00 0.00 0.51 0.00 0.00 0.59 0.62 0.00 0.00 0.00 0.00 0.00 0.00 0.00 0.00 0.00 0.00 0.00 0.00 0.00 0.94 0.00 0.75 0.56 0.13 0.00 0.00 0.00 0.75 0.00 
0.00 0.00 0.00 0.00 0.00 0.02 0.00 0.74 0.00 0.00 0.00 0.00 0.00 0.00 0.00 0.00 0.00 0.00 0.20 0.00 0.00 0.00 0.00 0.00 0.59 0.00 0.00 0.00 0.55 0.65 0.00 0.00 0.00 0.00 0.00 0.00 0.83 0.83 0.00 0.00 0.00 0.49 0.00 0.00 0.00 0.00 0.59 0.00 0.00 0.00 0.00 0.85 0.00 0.00 0.63 0.47 0.54 0.00 0.00 0.99 0.00 0.00 0.00 0.00 0.00 0.00 0.06 0.00 0.00 0.00 0.00 0.95 0.00 0.00 0.00 0.53 0.00 0.00 0.00 0.00 0.00 0.09 0.00 0.00 0.00 0.00 0.00 0.00 0.00 0.00 0.00 0.29 0.00 0.00 0.00 0.00 0.00 0.00 0.00 0.00 
0.00 0.00 0.00 0.00 0.00 0.00 0.00 0.00 0.70 0.00 0.00 0.00 0.29 0.00 0.00 0.00 0.00 0.00 0.00 0.13 0.00 0.00 0.00 0.90 0.00 0.00 0.00 0.00 0.00 0.86 0.00 0.00 0.00 0.47 0.73 0.00 0.77 0.00 0.95 0.00 0.00 0.00 0.00 0.00 0.00 0.47 0.00 0.00 0.42 0.81 0.00 0.00 0.18 0.00 0.00 0.00 0.00 0.68 0.00 0.00 0.00 0.00 0.08 0.42 0.00 0.00 0.00 0.06 0.00 0.00 0.00 0.00 0.00 0.00 0.00 0.53 0.00 0.10 0.00 0.00 0.00 0.00 0.00 0.00 0.86 0.00 0.00 0.00 0.00 0.00 0.81 0.00 0.00 0.00 0.00 0.56 0.00 0.82 0.00 0.00 
0.88 0.00 0.35 0.00 0.00 0.00 0.00 0.00 0.00 0.00 0.31 0.17 0.00 0.00 0.00 0.00 0.00 0.00 0.00 0.00 0.00 0.00 0.00 0.00 0.00 0.00 0.00 0.00 0.00 0.00 0.00 0.07 0.00 0.00 0.00 0.00 0.00 0.00 0.00 0.00 0.00 0.44 0.00 0.00 0.00 0.00 0.00 0.80 0.00 0.00 0.00 0.05 0.00 0.00 0.00 0.00 0.00 0.91 0.41 0.50 0.00 0.00 0.00 0.00 0.51 0.00 0.03 0.02 0.00 0.00 0.00 0.10 0.00 0.00 0.00 0.68 0.00 0.18 0.00 0.00 0.00 0.00 0.00 0.00 0.15 0.81 0.00 0.00 0.00 0.00 0.01 0.00 0.00 0.00 0.20 0.00 0.00 0.05 0.00 0.91 
0.70 0.00 0.00 0.00 0.00 0.00 0.00 0.74 0.12 0.00 0.00 0.00 0.00 0.00 0.00 0.00 0.93 0.00 0.00 0.00 0.00 0.00 0.71 0.00 0.00 0.00 0.00 0.00 0.53 0.86 0.00 0.51 0.00 0.00 0.00 0.00 0.00 0.41 0.00 0.00 0.00 0.61 0.52 0.00 0.00 0.00 0.00 0.00 0.00 0.00 0.99 0.49 0.00 0.00 0.00 0.27 0.00 0.00 0.97 0.58 0.64 0.00 0.32 0.00 0.00 0.00 0.00 0.00 0.00 0.00 0.00 0.00 0.00 0.00 0.00 0.00 0.00 0.00 0.74 0.00 0.00 0.00 0.00 0.76 0.00 0.00 0.00 0.00 0.00 0.00 0.17 0.00 0.00 0.00 0.00 0.00 0.00 0.00 0.00 0.00 
0.00 0.00 0.00 0.00 0.00 0.00 0.00 0.00 0.00 0.00 0.00 0.98 0.61 0.00 0.00 0.00 0.22 0.00 0.00 0.00 0.75 0.00 0.09 0.00 0.96 0.00 0.25 0.21 0.00 0.00 0.00 0.74 0.00 0.00 0.00 0.28 0.00 0.00 0.00 0.00 0.88 0.75 0.00 0.00 0.00 0.00 0.00 0.00 0.00 0.00 0.00 0.11 0.00 0.00 0.00 0.00 0.00 0.56 0.00 0.00 0.00 0.00 0.00 0.00 0.00 0.00 0.00 0.00 0.00 0.05 0.63 0.41 0.00 0.00 0.39 0.00 0.66 0.00 0.00 0.56 0.00 0.00 0.00 0.00 0.00 0.00 0.00 0.00 0.00 0.00 0.00 0.28 0.00 0.00 0.00 0.65 0.00 0.00 0.72 0.00 
0.00 0.00 0.00 0.00 0.00 0.27 0.00 0.78 0.00 0.90 0.00 0.00 0.00 0.33 0.00 0.00 0.00 0.00 0.00 0.95 0.00 0.94 0.00 0.00 0.00 0.00 0.00 0.00 0.00 0.00 0.00 0.00 0.00 0.95 0.00 0.00 0.00 0.00 0.00 0.00 0.00 0.00 0.00 0.45 0.00 0.00 0.00 0.07 0.00 0.65 0.00 0.00 0.76 0.00 0.00 0.00 0.00 0.00 0.00 0.00 0.00 0.00 0.00 0.00 0.00 0.00 0.00 0.56 0.00 0.86 0.00 0.00 0.62 0.82 0.00 0.00 0.00 0.00 0.00 0.52 0.62 0.00 0.00 0.00 0.00 0.03 0.10 0.55 0.00 0.59 0.00 0.00 0.00 0.00 0.00 0.10 0.00 0.00 0.00 0.00 
0.00 0.00 0.62 0.00 0.10 0.00 0.00 0.00 0.00 0.00 0.88 0.00 0.00 0.00 0.76 0.73 0.00 0.00 0.00 0.00 0.00 0.00 0.00 0.00 0.00 0.00 0.23 0.00 0.00 0.00 0.32 0.00 0.00 0.00 0.00 0.85 0.00 0.00 0.00 0.00 0.00 0.00 0.00 0.00 0.25 0.00 0.00 0.00 0.00 0.00 0.00 0.00 0.00 0.00 0.00 0.00 0.00 0.00 0.14 0.00 0.00 0.00 0.00 0.00 0.00 0.00 0.00 0.00 0.82 0.21 0.00 0.00 0.00 0.00 0.00 0.00 0.00 0.00 0.00 0.00 0.00 0.00 0.00 0.00 0.00 0.00 0.00 0.00 0.00 0.00 0.00 0.90 0.00 0.00 0.00 0.00 0.00 0.00 0.00 0.00 
0.00 0.00 0.00 0.00 0.51 0.00 0.00 0.00 0.00 0.00 0.00 0.00 0.00 0.34 0.00 0.00 0.20 0.00 0.00 0.00 0.05 0.00 0.00 0.90 0.88 0.00 0.00 0.75 0.00 0.00 0.00 0.00 0.00 0.00 0.00 0.00 0.00 0.00 0.00 0.00 0.00 0.00 0.98 0.00 0.00 0.00 0.00 0.00 0.08 0.00 0.00 0.62 0.00 0.00 0.00 0.00 0.00 0.77 0.00 0.00 0.63 0.00 0.00 0.00 0.00 0.00 0.00 0.00 0.94 0.00 0.00 0.00 0.00 0.00 0.00 0.00 0.00 0.00 0.00 0.25 0.60 0.00 0.00 0.00 0.00 0.00 0.00 0.61 0.00 0.00 0.00 0.00 0.00 0.89 0.00 0.00 0.00 0.00 0.87 0.00 
0.00 0.00 0.00 0.00 0.00 0.82 0.00 0.00 0.00 0.00 0.00 0.00 0.00 0.00 0.00 0.00 0.00 0.00 0.00 0.00 0.00 0.00 0.00 0.47 0.00 0.00 0.00 0.00 0.00 0.61 0.92 0.00 0.00 0.00 0.00 0.00 0.80 0.00 0.00 0.28 0.00 0.00 0.00 0.00 0.00 0.00 0.00 0.00 0.00 0.00 0.43 0.00 0.00 0.68 0.00 0.00 0.00 0.00 0.00 0.00 0.00 0.50 0.47 0.00 0.00 0.00 0.00 0.25 0.00 0.00 0.90 0.00 0.00 0.00 0.18 0.00 1.00 0.99 0.00 0.00 0.00 0.00 0.00 0.00 0.00 0.00 0.00 0.51 0.00 0.00 0.00 0.84 0.00 0.00 0.00 0.00 0.00 0.00 0.00 0.00 
0.00 0.00 0.00 0.95 0.00 0.00 0.00 0.25 0.00 0.53 0.00 0.26 0.00 0.00 0.99 0.00 0.00 0.00 0.54 0.00 0.00 0.00 0.00 0.00 0.00 0.00 0.00 0.00 0.00 0.00 0.00 0.00 0.00 0.00 0.00 0.99 0.00 0.00 0.00 0.00 0.00 0.00 0.00 0.00 0.00 0.00 0.00 0.03 0.00 0.00 0.83 0.00 0.00 0.00 0.00 0.00 0.00 0.00 0.00 0.94 0.00 0.60 0.20 0.00 0.03 0.00 0.00 0.00 0.00 0.00 0.00 0.36 0.00 0.00 0.00 0.00 0.00 0.00 0.00 0.40 0.00 0.00 0.00 0.00 0.00 0.00 0.66 0.00 0.71 0.50 0.00 0.67 0.00 0.00 0.00 0.00 0.00 0.00 0.71 0.42 
0.00 0.00 0.51 0.00 0.00 0.00 0.00 0.00 0.00 0.00 0.00 0.00 0.00 0.00 0.00 0.19 0.68 0.00 0.00 0.00 0.00 0.00 0.00 0.79 0.00 0.00 0.00 0.23 0.00 0.00 0.00 0.00 0.00 0.64 0.00 0.00 0.00 0.00 0.00 0.00 0.00 0.00 0.36 0.00 0.00 0.95 0.00 0.00 0.00 0.00 0.33 0.00 0.00 0.00 0.00 0.55 0.00 0.00 0.00 0.00 0.00 0.95 0.00 0.00 0.00 0.27 0.00 0.00 0.00 0.00 0.00 0.00 0.04 0.37 0.00 0.00 0.00 0.00 0.00 0.00 0.00 0.00 0.00 0.00 0.00 0.00 0.00 0.70 0.00 0.00 0.00 0.00 0.00 0.00 0.00 0.00 0.14 0.00 0.00 0.00 
0.00 0.00 0.00 0.00 0.00 0.00 0.74 0.00 0.00 0.83 0.00 0.00 0.31 0.03 0.00 0.00 0.44 0.00 0.00 0.85 0.00 0.00 0.00 0.00 0.00 0.00 0.00 0.39 0.00 0.00 0.08 0.41 0.00 0.00 0.04 0.00 0.00 0.00 0.00 0.00 0.00 0.38 0.11 0.00 0.00 0.00 0.00 0.00 0.00 0.00 0.00 0.00 0.00 0.00 0.16 0.00 0.00 0.00 0.00 0.99 0.00 0.00 0.00 0.00 0.00 0.00 0.00 0.00 0.00 0.39 0.00 0.66 0.00 0.00 0.21 0.00 0.78 0.00 0.00 0.00 0.00 0.00 0.43 0.00 0.00 0.40 0.00 0.00 0.00 0.00 0.58 0.00 0.00 0.00 0.00 0.00 0.20 0.00 0.00 0.40 
0.00 0.00 0.00 0.00 0.00 0.00 0.00 0.00 0.00 0.93 0.00 0.00 0.00 0.82 0.00 0.00 0.98 0.00 0.86 0.00 0.00 0.00 0.00 0.00 0.00 0.00 0.00 0.00 0.00 0.00 0.00 0.00 0.00 0.00 0.00 0.00 0.64 0.00 0.00 0.17 0.00 0.00 0.00 0.00 0.00 0.00 0.00 0.00 0.64 0.00 0.00 0.00 0.03 0.24 0.00 0.00 0.00 0.00 0.73 0.00 0.00 0.00 0.09 0.00 0.00 0.00 0.00 0.48 0.00 0.00 0.00 0.00 0.22 0.00 0.00 0.57 0.15 0.00 0.00 0.53 0.00 0.00 0.00 0.00 0.00 0.00 0.00 0.26 0.00 0.41 0.26 0.00 0.00 0.00 0.00 0.00 0.72 0.00 0.00 0.00 
0.00 0.00 0.00 0.00 0.50 0.00 0.03 0.00 0.00 0.87 0.00 0.00 0.00 0.60 0.00 0.00 0.00 0.00 0.00 0.00 0.00 0.00 0.00 0.00 0.00 0.00 0.00 0.00 0.00 0.00 0.00 0.00 0.00 0.00 0.00 0.00 0.00 0.48 0.00 0.00 0.00 0.15 0.00 0.63 0.30 0.00 0.00 0.14 0.00 0.00 0.11 0.03 0.00 0.00 0.00 0.14 0.00 0.98 0.00 0.45 0.00 0.00 0.42 0.00 0.28 0.95 0.00 0.00 0.00 0.78 0.78 0.00 0.00 0.00 0.00 0.00 0.00 0.42 0.00 0.00 0.00 0.00 0.00 0.00 0.00 0.00 0.00 0.00 0.00 0.00 0.00 0.00 0.00 0.00 0.00 0.55 0.00 0.03 0.39 0.00 
0.35 0.54 0.00 0.00 0.00 0.00 0.31 0.00 0.00 0.00 0.00 0.00 0.00 0.82 0.00 0.00 0.80 0.00 0.00 0.00 0.00 0.00 0.86 0.00 0.45 0.00 0.00 0.00 0.00 0.94 0.00 0.00 0.00 0.21 0.00 0.00 0.00 0.00 0.00 0.00 0.00 0.00 0.39 0.34 0.00 0.00 0.00 0.00 0.00 0.00 0.00 0.03 0.00 0.00 0.00 0.00 0.00 0.00 0.00 0.30 0.95 0.00 0.00 0.00 0.00 0.00 0.00 0.00 0.00 0.00 0.00 0.00 0.00 0.00 0.72 0.00 0.00 0.00 0.00 0.61 0.00 0.78 0.00 0.20 0.00 0.00 0.00 0.00 0.00 0.13 0.00 0.00 0.00 0.00 0.00 0.00 0.00 0.44 0.00 0.15 
0.00 0.99 0.00 0.21 0.00 0.00 0.00 0.00 0.00 0.00 0.00 0.00 0.88 0.64 0.00 0.00 0.00 0.00 0.00 0.00 0.00 0.06 0.00 0.00 0.00 0.77 0.00 0.95 0.00 0.00 0.00 0.00 0.00 0.00 0.88 0.00 0.00 0.00 0.41 0.00 0.31 0.00 0.00 0.00 0.00 0.00 0.00 0.72 0.00 0.00 0.00 0.00 0.00 0.60 0.72 0.00 0.33 0.00 0.00 0.00 0.24 0.37 0.00 0.00 0.81 0.00 0.00 0.00 0.00 0.00 0.00 0.52 0.00 0.17 0.49 0.00 0.00 0.39 0.00 0.00 0.00 0.00 0.00 0.00 0.00 0.00 0.00 0.00 0.00 0.00 0.00 0.00 0.00 0.00 0.00 0.00 0.00 0.00 0.00 0.00 
0.00 0.00 0.00 0.05 0.00 0.00 0.00 0.93 0.58 0.00 0.00 0.86 0.16 0.00 0.00 0.42 0.00 0.00 0.00 0.00 0.00 0.00 0.00 0.00 0.02 0.00 0.00 0.00 0.95 0.00 0.00 0.41 0.59 0.18 0.00 0.86 0.00 0.00 0.00 0.00 0.00 0.00 0.00 0.00 0.60 0.00 0.00 0.00 0.00 0.00 0.00 0.10 0.99 0.00 0.00 0.00 0.03 0.83 0.00 0.00 0.00 0.00 0.00 0.00 0.00 0.00 0.00 0.00 0.88 0.00 0.00 0.00 0.77 0.00 0.88 0.00 0.00 0.00 0.82 0.00 0.00 0.00 0.00 0.00 0.00 0.20 0.89 0.00 0.00 0.00 0.71 0.00 0.00 0.00 0.00 0.00 0.00 0.00 0.00 0.17 
0.00 0.00 0.00 0.56 0.00 0.00 0.00 0.00 0.60 0.00 0.00 0.00 0.00 0.00 0.00 0.00 0.00 0.83 0.00 0.00 0.00 0.99 0.00 0.00 0.00 0.00 0.00 0.00 0.00 0.00 0.00 0.13 0.19 0.00 0.00 0.00 0.00 0.00 0.00 0.00 0.00 0.00 0.00 0.00 0.80 0.12 0.00 0.00 0.82 0.00 0.00 0.00 0.00 0.55 0.00 0.91 0.00 0.00 0.49 0.00 0.00 0.00 0.00 0.00 0.00 0.00 0.00 0.00 0.70 0.00 0.00 0.50 0.00 0.78 0.00 0.00 0.00 0.00 0.76 0.36 0.00 0.00 0.00 0.64 0.00 0.33 0.00 0.61 0.00 0.00 0.60 0.00 0.00 0.00 0.45 0.00 0.69 0.00 0.00 0.00 
0.00 0.00 0.00 0.00 0.00 0.36 0.00 0.18 0.00 0.00 0.00 0.00 0.00 0.00 0.00 0.00 0.31 0.00 0.00 0.00 0.00 0.04 0.36 0.19 0.95 0.72 0.94 0.00 0.00 0.00 0.57 0.00 0.00 0.00 0.58 0.00 0.00 0.00 0.00 0.61 0.00 0.00 0.44 0.00 0.52 0.00 0.00 0.00 0.32 0.00 0.00 0.00 0.54 0.74 0.00 0.00 0.18 0.00 0.00 0.00 0.00 0.00 0.23 0.00 0.64 0.00 0.00 0.30 0.82 0.00 0.00 0.00 0.00 0.00 0.00 0.00 0.98 0.00 0.00 0.44 0.00 0.00 0.00 0.76 0.00 0.00 0.00 0.00 0.00 0.00 0.69 0.00 0.00 0.00 0.00 0.00 0.00 0.12 0.00 0.00 
0.93 0.00 0.74 0.00 0.00 0.00 0.00 0.00 0.43 0.00 0.00 0.00 0.00 0.22 0.00 0.00 0.00 0.00 0.00 0.72 0.00 0.00 0.00 0.00 0.68 0.00 0.00 0.00 0.00 0.00 0.00 0.00 0.99 0.82 0.00 0.31 0.00 0.00 0.00 0.00 0.00 0.00 0.00 0.00 0.94 0.00 0.00 0.00 0.00 0.00 0.00 0.00 0.00 0.00 0.00 0.00 0.00 0.00 0.00 0.00 0.00 0.00 0.81 0.00 0.00 0.00 0.29 0.00 0.62 0.00 0.00 0.00 0.85 0.22 0.03 0.00 0.55 0.00 0.00 0.28 0.00 0.91 0.00 0.00 0.00 0.00 0.00 0.00 0.00 0.00 0.23 0.00 0.00 0.00 0.00 0.00 0.00 0.00 0.00 0.00 
0.00 0.00 0.00 0.09 0.00 0.00 0.00 0.00 0.00 0.84 0.00 0.00 0.00 0.00 0.79 0.00 0.00 0.00 0.42 0.00 0.00 0.00 0.00 0.00 0.00 0.00 0.51 0.00 0.00 0.00 0.00 0.00 0.00 0.00 0.00 0.00 0.72 0.00 0.00 0.00 0.00 0.00 0.00 0.00 0.90 0.00 0.00 0.94 0.67 0.00 0.00 0.00 0.87 0.00 0.66 0.00 0.00 0.00 0.86 0.00 0.00 0.00 0.34 0.00 0.00 0.00 0.00 0.00 0.78 0.00 0.00 0.00 0.00 0.00 0.00 0.75 0.00 0.00 0.00 0.00 0.00 0.87 0.00 0.00 0.00 0.28 0.00 0.46 0.00 0.00 0.00 0.00 0.00 0.00 0.00 0.00 0.00 0.68 0.00 0.00 
0.00 0.00 0.00 0.00 0.00 0.00 0.00 0.00 0.00 0.00 0.00 0.00 0.56 0.00 0.00 0.00 0.00 0.70 0.00 0.00 0.00 0.57 0.00 0.14 0.85 0.00 0.00 0.00 0.75 0.00 0.00 0.00 0.00 0.00 0.18 0.38 0.35 0.00 0.00 0.00 0.00 0.00 0.00 0.00 0.17 0.00 0.00 0.00 0.00 0.00 0.00 0.00 0.00 0.00 0.00 0.00 0.00 0.95 0.00 0.00 0.00 0.00 0.00 0.22 0.00 0.00 0.00 0.00 0.00 0.53 0.00 0.21 0.00 0.00 0.00 0.00 0.00 0.00 0.00 0.73 0.03 0.00 0.00 0.00 0.00 0.00 0.00 0.00 0.63 0.98 0.00 0.02 0.00 0.00 0.00 0.00 0.00 0.00 0.00 0.09 
0.00 0.02 0.00 0.00 0.00 0.00 0.00 0.00 0.00 0.00 0.00 0.00 0.00 0.00 0.00 0.00 0.00 0.00 0.00 0.65 0.00 0.00 0.00 0.00 0.00 0.00 0.00 0.72 0.00 0.00 0.77 0.00 0.00 0.00 0.00 0.00 0.00 0.01 0.08 0.00 0.00 0.63 0.85 0.00 0.45 0.00 0.00 0.00 0.00 0.00 0.00 0.00 0.00 0.00 0.00 0.00 0.00 0.33 0.41 0.73 0.37 0.28 0.00 0.00 0.00 0.00 0.00 0.00 0.00 0.00 0.00 0.00 0.00 0.62 0.00 0.00 0.00 0.00 0.00 0.00 0.00 0.00 0.00 0.00 0.00 0.47 0.00 0.00 0.00 0.00 0.00 0.00 0.00 0.40 0.00 0.00 0.00 0.00 0.00 0.00 
0.20 0.00 0.00 0.00 0.00 0.00 0.32 0.00 0.00 0.00 0.27 0.91 0.00 0.00 0.00 0.00 0.00 0.35 0.00 0.28 0.00 0.06 0.00 0.00 0.00 0.00 0.00 0.00 0.66 0.00 0.00 0.00 0.00 0.00 0.00 0.02 0.00 0.00 0.00 0.92 0.00 0.00 0.00 0.00 0.00 0.00 0.00 0.68 0.00 0.00 0.00 0.00 0.00 0.00 0.00 0.00 0.00 0.00 0.00 0.00 0.00 0.00 0.00 0.00 0.00 0.00 0.00 0.00 0.55 0.00 0.55 0.00 0.00 0.00 0.00 0.00 0.00 0.00 0.72 0.00 0.00 0.00 0.00 0.00 0.00 0.00 0.00 0.00 0.00 0.00 0.73 0.00 0.00 0.00 0.00 0.00 0.00 0.00 0.00 0.27 
0.00 0.00 0.00 0.00 0.00 0.00 0.92 0.00 0.16 0.00 0.00 0.00 0.00 0.00 0.00 0.00 0.00 0.00 0.09 0.00 0.00 0.00 0.00 0.00 0.00 0.76 0.00 0.00 0.00 0.00 0.02 0.00 0.00 0.00 0.00 0.00 0.00 0.00 0.00 0.00 0.00 0.40 0.00 0.21 0.09 0.81 0.00 0.43 0.00 0.00 0.00 0.00 0.90 0.00 0.00 0.00 0.20 0.00 0.00 0.00 0.71 0.00 0.00 0.00 0.00 0.00 0.00 0.64 0.00 0.00 0.56 0.00 0.00 0.00 0.00 0.00 0.00 0.00 0.00 0.00 0.00 0.00 0.00 0.00 0.00 0.79 0.00 0.00 0.00 0.00 0.00 0.00 0.71 0.00 0.31 0.00 0.00 0.00 0.00 0.00 
